-0.002697
-0.018667
-0.000949
-0.001873
-0.000546
-0.075519
-0.0089
-0.000991
-0.029062
1.064254
-0.055302
-0.01567
-0.000537
-0.027829
-0.004377
-0.003838
-0.000759
0.000083
-0.036069
-0.002131
-0.018549
-0.036156
1.039272
-0.036174
0.000468
-0.024866
-0.026341
-0.000696
-0.00204
-0.002206
-0.017923
0.002661
-0.002536
-0.032891
-0.000107
-0.000614
-0.031936
1.044462
-0.096239
-0.015358
-0.001438
-0.064588
-0.008457
-0.000312
0.00048
-0.020305
-0.003196
-0.003212
-0.003052
-0.067357
-0.00145
-0.000015
-0.004641
-0.015318
-0.005493
-0.001468
-0.001263
-0.076497
-0.009197
-0.00012
-0.026618
1.051034
-0.066689
-0.020311
-0.097945
-0.016041
-0.049893
1.106994
-0.006276
0.000569
-0.009311
-0.053995
-0.000103
-0.018734
-0.007281
-0.01571
-0.011137
0.000844
0.000283
-0.112619
0.00008
0.000221
-0.017615
-0.001539
0.000898
-0.001908
-0.089984
0.000834
-0.019421
-0.050926
1.007457
-0.031405
-0.000897
-0.001682
-0.023227
0.00255
0.001148
-0.001486
-0.06945
-0.001887
0.002172
-0.001106
-0.026034
-0.00014
-0.000487
-0.023312
-0.040587
-0.001398
-0.021105
-0.035875
1.060653
-0.026836
-0.010461
-0.000547
-0.006753
-0.05322
-0.003125
-0.001256
-0.009057
-0.016241
-0.002731
-0.0158
-0.013184
-0.071996
-0.096334
-0.017089
-0.037165
1.014348
-0.032101
0.001012
-0.000789
-0.002952
1.078871
-0.081372
-0.022971
-0.062996
-0.046167
-0.022243
0.005014
-0.001265
-0.021459
-0.001294
0.002501
0.004743
-0.016388
-0.000009
-0.002088
-0.002499
-0.059231
-0.002356
-0.007905
-0.000868
1.063463
-0.090016
-0.008048
-0.063341
-0.027239
-0.002836
0.003103
0.000189
1.0364
-0.062245
-0.015633
-0.064894
-0.036207
-0.003238
-0.008552
-0.001123
-0.017929
-0.019015
0.000625
0.001372
-0.073501
-0.011558
-0.002533
-0.010761
-0.002402
-0.00097
-0.001002
-0.020563
-0.003816
0.000283
-0.005754
-0.074918
-0.090045
-0.034267
-0.042146
0.997322
-0.000967
-0.00097
-0.008119
-0.031068
-0.061291
-0.001649
-0.000295
-0.009849
-0.015691
-0.00053
-0.009295
-0.000431
-0.046481
-0.024703
0.001827
-0.003633
1.050892
-0.073278
-0.014303
-0.0457
-0.023108
0.999401
-0.066151
-0.021878
-0.003888
-0.040703
-0.008271
-0.001668
-0.001988
-0.035926
-0.009127
-0.002109
-0.000474
-0.078407
-0.012929
-0.002952
-0.001452
-0.001551
-0.000786
-0.032755
-0.100013
-0.014544
-0.037894
0.971055
-0.004172
-0.016122
-0.009809
-0.046279
0.00059
0.00174
-0.005277
-0.02485
-0.020051
-0.046064
1.024907
-0.024931
-0.000221
-0.000826
-0.046802
-0.001067
0.000669
-0.02032
-0.013766
0.00024
-0.000814
0.000818
-0.081166
-0.002392