1.831
-12.761
5.779
-11.682
9.945
-55.331
-5.487
-11.816
-126.532
535.117
-93.14
170.457
1.885
-15.364
0.481
-6.138
-1.943
12.74
-16.812
3.092
33.035
-242.754
360.033
-44.284
-0.027
3.106
-9.612
-0.909
-0.062
2.436
-4.965
-0.71
1.939
-17.084
3.78
-7.125
-62.225
356.213
-44.291
47.051
7.214
-39.264
3.661
-9.785
0.642
-7.696
0.785
-3.04
6.569
-32.678
11.769
-25.539
-0.339
-0.181
-6.764
-2.667
19.409
-84.617
11.75
-30.757
-135.017
461.747
-172.756
269.831
-100.219
430.326
-691.478
1142.286
-3.236
-0.922
-8.764
-43.554
15.866
-75.811
17.466
-35.298
-8.008
-15.255
25.157
-120.177
-0.532
2.739
-3.428
0.975
-2.47
14.244
-20.284
3.448
30.448
-153.093
212.573
-54.509
-0.194
2.481
-3.433
-0.223
-1.995
10.115
-12.415
5.449
-0.509
2.219
-2.807
1.427
-2.576
10.872
-8.558
4.68
39.485
-149.96
198.313
-91.506
2.395
-15.092
19.284
-41.402
-0.594
0.844
-4.624
-5.691
7.959
-37.594
11.439
-35.974
-68.346
196.994
-282.372
480.361
-2.898
1.206
-1.323
2.482
70.227
-27.739
40.81
-80.832
-1.496
-3.269
0.512
-0.658
-0.932
-0.093
-0.236
0.839
-0.628
0.166
0.011
0.567
-3.808
0.087
0.268
4.612
49.153
-23.228
33.452
-83.418
-0.962
0.181
-0.051
1.472
46.066
-61.509
96.193
-161.122
-0.683
0.218
0.672
4.986
-1.767
7.553
-2.224
4.153
-4.293
1.519
-2.852
15.753
0.064
-0.662
0.931
-1.987
-0.146
0.389
-0.93
-2.933
-4.397
11.502
-22.82
54.134
-0.023
-0.462
0.273
-1.437
-1.558
0.935
-0.606
2.665
-0.299
0.15
0.116
1.216
-2.891
3.978
-1.423
4.806
36.927
-35.087
48.276
-83.727
-8.649
50.681
-15.834
23.111
0.052
-1.581
-1.021
-0.835
0.863
-4.213
0.596
-1.542
0.872
-7.374
0.929
-3.178
0.09
-1.041
1.383
-2.421
-4.011
15.775
-26.478
47.328
0.443
-2.613
0.911
-2.681
-0.039
-0.365
0.293
-0.904
4.215
-30.261
44.633
-15.398
-0.111
1.242
-1.817
0.505
-0.182
0.842
-0.647
0.411
0.019
2.541
-4.047
0.861